0	19	19
0	19	20
0	19	21
0	20	20
0	20	21
0	20	26
0	20	131
0	21	21
0	26	26
0	27	21
0	27	27
0	131	21
0	131	131
1	0	3
1	0	6
1	0	9
1	0	11
1	0	12
1	0	18
1	0	28
1	0	53
1	0	57
1	0	59
1	0	68
1	0	77
1	0	83
1	0	86
1	0	89
1	0	98
1	0	100
1	0	102
1	0	110
1	0	111
1	0	119
1	0	122
1	0	132
1	0	133
1	4	14
1	4	28
1	4	29
1	4	40
1	4	50
1	4	59
1	4	86
1	4	87
1	4	89
1	4	91
1	4	92
1	4	98
1	4	102
1	4	105
1	4	110
1	7	3
1	7	6
1	7	9
1	7	11
1	7	12
1	7	18
1	7	28
1	7	53
1	7	57
1	7	59
1	7	68
1	7	77
1	7	83
1	7	86
1	7	89
1	7	98
1	7	100
1	7	102
1	7	110
1	7	111
1	7	119
1	7	122
1	7	132
1	7	133
1	10	14
1	10	28
1	10	29
1	10	40
1	10	50
1	10	59
1	10	86
1	10	87
1	10	89
1	10	91
1	10	92
1	10	98
1	10	102
1	10	105
1	10	110
1	13	13
1	13	73
1	13	86
1	13	125
1	14	3
1	14	6
1	14	9
1	14	11
1	14	12
1	14	14
1	14	18
1	14	28
1	14	29
1	14	40
1	14	50
1	14	53
1	14	57
1	14	59
1	14	68
1	14	77
1	14	83
1	14	86
1	14	87
1	14	89
1	14	91
1	14	92
1	14	98
1	14	100
1	14	102
1	14	105
1	14	110
1	14	111
1	14	119
1	14	122
1	14	132
1	14	133
1	15	14
1	15	28
1	15	29
1	15	40
1	15	50
1	15	59
1	15	86
1	15	87
1	15	89
1	15	91
1	15	92
1	15	98
1	15	102
1	15	105
1	15	110
1	17	14
1	17	28
1	17	29
1	17	40
1	17	50
1	17	59
1	17	86
1	17	87
1	17	89
1	17	91
1	17	92
1	17	98
1	17	102
1	17	105
1	17	110
1	24	14
1	24	28
1	24	29
1	24	40
1	24	50
1	24	59
1	24	86
1	24	87
1	24	89
1	24	91
1	24	92
1	24	98
1	24	102
1	24	105
1	24	110
1	27	28
1	27	59
1	27	86
1	27	89
1	27	98
1	27	102
1	27	110
1	28	3
1	28	6
1	28	9
1	28	11
1	28	12
1	28	14
1	28	18
1	28	28
1	28	29
1	28	34
1	28	40
1	28	50
1	28	53
1	28	57
1	28	59
1	28	68
1	28	77
1	28	83
1	28	86
1	28	87
1	28	89
1	28	91
1	28	92
1	28	98
1	28	100
1	28	101
1	28	102
1	28	105
1	28	110
1	28	111
1	28	119
1	28	122
1	28	132
1	28	133
1	29	3
1	29	6
1	29	9
1	29	11
1	29	12
1	29	14
1	29	18
1	29	28
1	29	29
1	29	40
1	29	50
1	29	53
1	29	57
1	29	59
1	29	68
1	29	77
1	29	83
1	29	86
1	29	87
1	29	89
1	29	91
1	29	92
1	29	98
1	29	100
1	29	102
1	29	105
1	29	110
1	29	111
1	29	119
1	29	122
1	29	132
1	29	133
1	30	14
1	30	28
1	30	29
1	30	40
1	30	50
1	30	59
1	30	86
1	30	87
1	30	89
1	30	91
1	30	92
1	30	98
1	30	102
1	30	105
1	30	110
1	31	14
1	31	28
1	31	29
1	31	40
1	31	50
1	31	59
1	31	86
1	31	87
1	31	89
1	31	91
1	31	92
1	31	98
1	31	102
1	31	105
1	31	110
1	32	14
1	32	28
1	32	29
1	32	40
1	32	50
1	32	59
1	32	86
1	32	87
1	32	89
1	32	91
1	32	92
1	32	98
1	32	102
1	32	105
1	32	110
1	37	3
1	37	6
1	37	9
1	37	11
1	37	12
1	37	18
1	37	28
1	37	53
1	37	57
1	37	59
1	37	68
1	37	77
1	37	83
1	37	86
1	37	89
1	37	98
1	37	100
1	37	102
1	37	110
1	37	111
1	37	119
1	37	122
1	37	132
1	37	133
1	39	14
1	39	28
1	39	29
1	39	40
1	39	50
1	39	59
1	39	86
1	39	87
1	39	89
1	39	92
1	39	98
1	39	102
1	39	105
1	39	106
1	39	110
1	40	3
1	40	6
1	40	9
1	40	11
1	40	12
1	40	14
1	40	18
1	40	28
1	40	29
1	40	40
1	40	50
1	40	53
1	40	57
1	40	59
1	40	68
1	40	77
1	40	83
1	40	86
1	40	87
1	40	89
1	40	91
1	40	92
1	40	98
1	40	100
1	40	102
1	40	105
1	40	110
1	40	111
1	40	119
1	40	122
1	40	132
1	40	133
1	43	14
1	43	28
1	43	29
1	43	40
1	43	50
1	43	59
1	43	86
1	43	87
1	43	89
1	43	91
1	43	92
1	43	98
1	43	102
1	43	105
1	43	110
1	44	14
1	44	28
1	44	29
1	44	40
1	44	50
1	44	59
1	44	86
1	44	87
1	44	89
1	44	91
1	44	92
1	44	98
1	44	102
1	44	105
1	44	110
1	48	14
1	48	28
1	48	29
1	48	40
1	48	50
1	48	59
1	48	86
1	48	87
1	48	89
1	48	91
1	48	92
1	48	98
1	48	102
1	48	105
1	48	110
1	50	3
1	50	6
1	50	9
1	50	11
1	50	12
1	50	14
1	50	18
1	50	28
1	50	29
1	50	40
1	50	50
1	50	53
1	50	57
1	50	59
1	50	68
1	50	77
1	50	83
1	50	86
1	50	87
1	50	89
1	50	91
1	50	92
1	50	98
1	50	100
1	50	102
1	50	105
1	50	110
1	50	111
1	50	119
1	50	122
1	50	132
1	50	133
1	54	14
1	54	28
1	54	29
1	54	40
1	54	50
1	54	59
1	54	86
1	54	87
1	54	89
1	54	92
1	54	98
1	54	102
1	54	105
1	54	110
1	58	28
1	58	59
1	58	86
1	58	89
1	58	98
1	58	102
1	58	110
1	59	3
1	59	6
1	59	9
1	59	11
1	59	12
1	59	14
1	59	18
1	59	28
1	59	29
1	59	34
1	59	40
1	59	50
1	59	53
1	59	57
1	59	59
1	59	68
1	59	77
1	59	83
1	59	86
1	59	87
1	59	89
1	59	91
1	59	92
1	59	98
1	59	100
1	59	101
1	59	102
1	59	105
1	59	110
1	59	111
1	59	119
1	59	122
1	59	132
1	59	133
1	64	14
1	64	28
1	64	29
1	64	40
1	64	50
1	64	59
1	64	86
1	64	87
1	64	89
1	64	91
1	64	92
1	64	98
1	64	102
1	64	105
1	64	110
1	65	14
1	65	28
1	65	29
1	65	40
1	65	50
1	65	59
1	65	86
1	65	87
1	65	89
1	65	92
1	65	98
1	65	102
1	65	105
1	65	110
1	67	14
1	67	28
1	67	29
1	67	40
1	67	50
1	67	59
1	67	86
1	67	87
1	67	89
1	67	91
1	67	92
1	67	98
1	67	102
1	67	105
1	67	110
1	71	14
1	71	28
1	71	29
1	71	40
1	71	50
1	71	59
1	71	86
1	71	87
1	71	89
1	71	91
1	71	92
1	71	98
1	71	102
1	71	105
1	71	110
1	72	14
1	72	28
1	72	29
1	72	40
1	72	50
1	72	59
1	72	86
1	72	87
1	72	89
1	72	91
1	72	92
1	72	98
1	72	102
1	72	105
1	72	110
1	73	13
1	73	73
1	73	86
1	73	125
1	75	14
1	75	28
1	75	29
1	75	40
1	75	50
1	75	59
1	75	86
1	75	87
1	75	89
1	75	91
1	75	92
1	75	98
1	75	102
1	75	105
1	75	110
1	78	14
1	78	28
1	78	29
1	78	40
1	78	50
1	78	59
1	78	86
1	78	87
1	78	89
1	78	92
1	78	98
1	78	102
1	78	105
1	78	110
1	81	14
1	81	28
1	81	29
1	81	40
1	81	50
1	81	59
1	81	86
1	81	87
1	81	89
1	81	91
1	81	92
1	81	98
1	81	102
1	81	105
1	81	110
1	86	3
1	86	6
1	86	9
1	86	11
1	86	12
1	86	13
1	86	14
1	86	18
1	86	28
1	86	29
1	86	34
1	86	40
1	86	50
1	86	53
1	86	57
1	86	59
1	86	68
1	86	73
1	86	77
1	86	83
1	86	86
1	86	87
1	86	89
1	86	91
1	86	92
1	86	98
1	86	100
1	86	101
1	86	102
1	86	105
1	86	110
1	86	111
1	86	119
1	86	122
1	86	125
1	86	132
1	86	133
1	87	3
1	87	6
1	87	9
1	87	11
1	87	12
1	87	13
1	87	14
1	87	18
1	87	28
1	87	29
1	87	40
1	87	50
1	87	53
1	87	57
1	87	59
1	87	68
1	87	73
1	87	77
1	87	83
1	87	86
1	87	87
1	87	89
1	87	91
1	87	92
1	87	98
1	87	100
1	87	102
1	87	105
1	87	110
1	87	111
1	87	119
1	87	122
1	87	125
1	87	132
1	87	133
1	88	86
1	89	3
1	89	6
1	89	9
1	89	11
1	89	12
1	89	14
1	89	18
1	89	28
1	89	29
1	89	34
1	89	40
1	89	50
1	89	53
1	89	57
1	89	59
1	89	68
1	89	77
1	89	83
1	89	86
1	89	87
1	89	89
1	89	91
1	89	92
1	89	98
1	89	100
1	89	101
1	89	102
1	89	105
1	89	110
1	89	111
1	89	119
1	89	122
1	89	132
1	89	133
1	91	14
1	91	28
1	91	29
1	91	40
1	91	50
1	91	59
1	91	86
1	91	87
1	91	89
1	91	91
1	91	92
1	91	98
1	91	102
1	91	105
1	91	110
1	92	3
1	92	6
1	92	9
1	92	11
1	92	12
1	92	14
1	92	18
1	92	28
1	92	29
1	92	40
1	92	50
1	92	53
1	92	57
1	92	59
1	92	68
1	92	77
1	92	83
1	92	86
1	92	87
1	92	89
1	92	91
1	92	92
1	92	98
1	92	100
1	92	102
1	92	105
1	92	110
1	92	111
1	92	119
1	92	122
1	92	132
1	92	133
1	93	14
1	93	28
1	93	29
1	93	40
1	93	50
1	93	59
1	93	86
1	93	87
1	93	89
1	93	91
1	93	92
1	93	98
1	93	102
1	93	105
1	93	110
1	94	14
1	94	28
1	94	29
1	94	40
1	94	50
1	94	59
1	94	86
1	94	87
1	94	89
1	94	91
1	94	92
1	94	98
1	94	102
1	94	105
1	94	110
1	98	3
1	98	6
1	98	9
1	98	11
1	98	12
1	98	14
1	98	18
1	98	28
1	98	29
1	98	34
1	98	40
1	98	50
1	98	53
1	98	57
1	98	59
1	98	68
1	98	77
1	98	83
1	98	86
1	98	87
1	98	89
1	98	91
1	98	92
1	98	98
1	98	100
1	98	101
1	98	102
1	98	105
1	98	110
1	98	111
1	98	119
1	98	122
1	98	132
1	98	133
1	99	14
1	99	28
1	99	29
1	99	40
1	99	50
1	99	59
1	99	86
1	99	87
1	99	89
1	99	91
1	99	92
1	99	98
1	99	102
1	99	105
1	99	110
1	102	3
1	102	6
1	102	9
1	102	11
1	102	12
1	102	14
1	102	18
1	102	28
1	102	29
1	102	34
1	102	40
1	102	50
1	102	53
1	102	57
1	102	59
1	102	68
1	102	77
1	102	83
1	102	86
1	102	87
1	102	89
1	102	91
1	102	92
1	102	98
1	102	100
1	102	101
1	102	102
1	102	105
1	102	110
1	102	111
1	102	119
1	102	122
1	102	132
1	102	133
1	104	14
1	104	28
1	104	29
1	104	40
1	104	50
1	104	59
1	104	86
1	104	87
1	104	89
1	104	91
1	104	92
1	104	98
1	104	102
1	104	105
1	104	110
1	105	3
1	105	6
1	105	9
1	105	11
1	105	12
1	105	14
1	105	18
1	105	28
1	105	29
1	105	40
1	105	50
1	105	53
1	105	57
1	105	59
1	105	68
1	105	77
1	105	83
1	105	86
1	105	87
1	105	89
1	105	91
1	105	92
1	105	98
1	105	100
1	105	102
1	105	105
1	105	110
1	105	111
1	105	119
1	105	122
1	105	132
1	105	133
1	107	14
1	107	28
1	107	29
1	107	40
1	107	50
1	107	59
1	107	86
1	107	87
1	107	89
1	107	91
1	107	92
1	107	98
1	107	102
1	107	105
1	107	110
1	110	3
1	110	6
1	110	9
1	110	11
1	110	12
1	110	14
1	110	18
1	110	28
1	110	29
1	110	34
1	110	40
1	110	50
1	110	53
1	110	57
1	110	59
1	110	68
1	110	77
1	110	83
1	110	86
1	110	87
1	110	89
1	110	91
1	110	92
1	110	98
1	110	100
1	110	101
1	110	102
1	110	105
1	110	110
1	110	111
1	110	119
1	110	122
1	110	132
1	110	133
1	117	14
1	117	28
1	117	29
1	117	40
1	117	50
1	117	59
1	117	86
1	117	87
1	117	89
1	117	91
1	117	92
1	117	98
1	117	102
1	117	105
1	117	110
1	118	2
1	118	51
1	118	62
1	118	66
1	118	103
1	118	106
1	118	112
1	118	113
1	118	114
1	118	123
1	120	86
1	125	13
1	125	73
1	125	86
1	125	125
1	127	14
1	127	28
1	127	29
1	127	40
1	127	50
1	127	59
1	127	86
1	127	87
1	127	89
1	127	91
1	127	92
1	127	98
1	127	102
1	127	105
1	127	110
1	130	14
1	130	28
1	130	29
1	130	40
1	130	50
1	130	59
1	130	86
1	130	87
1	130	89
1	130	92
1	130	98
1	130	102
1	130	105
1	130	106
1	130	110
1	134	14
1	134	28
1	134	29
1	134	40
1	134	50
1	134	59
1	134	86
1	134	87
1	134	89
1	134	91
1	134	92
1	134	98
1	134	102
1	134	105
1	134	110
2	39	4
2	39	10
2	39	15
2	39	17
2	39	22
2	39	24
2	39	30
2	39	31
2	39	32
2	39	43
2	39	44
2	39	48
2	39	64
2	39	67
2	39	71
2	39	72
2	39	75
2	39	81
2	39	93
2	39	94
2	39	99
2	39	104
2	39	107
2	39	117
2	39	127
2	39	134
2	78	4
2	78	10
2	78	15
2	78	17
2	78	22
2	78	24
2	78	30
2	78	31
2	78	32
2	78	43
2	78	44
2	78	48
2	78	64
2	78	67
2	78	71
2	78	72
2	78	75
2	78	81
2	78	93
2	78	94
2	78	99
2	78	104
2	78	107
2	78	117
2	78	127
2	78	134
3	39	4
3	39	10
3	39	15
3	39	17
3	39	24
3	39	30
3	39	31
3	39	32
3	39	43
3	39	44
3	39	48
3	39	64
3	39	67
3	39	71
3	39	72
3	39	75
3	39	81
3	39	93
3	39	94
3	39	99
3	39	104
3	39	107
3	39	117
3	39	127
3	39	134
3	78	4
3	78	10
3	78	14
3	78	15
3	78	17
3	78	24
3	78	28
3	78	29
3	78	30
3	78	31
3	78	32
3	78	40
3	78	43
3	78	44
3	78	48
3	78	50
3	78	59
3	78	64
3	78	67
3	78	71
3	78	72
3	78	75
3	78	81
3	78	86
3	78	87
3	78	89
3	78	91
3	78	92
3	78	93
3	78	94
3	78	98
3	78	99
3	78	102
3	78	104
3	78	105
3	78	107
3	78	110
3	78	117
3	78	127
3	78	134
4	0	34
4	0	101
4	7	34
4	7	101
4	13	2
4	13	16
4	13	34
4	13	51
4	13	60
4	13	62
4	13	63
4	13	96
4	13	101
4	13	106
4	13	112
4	13	114
4	15	133
4	29	29
4	29	34
4	29	50
4	29	101
4	29	105
4	34	34
4	34	101
4	37	34
4	37	101
4	38	0
4	38	7
4	38	29
4	38	37
4	38	40
4	38	50
4	38	74
4	38	87
4	38	92
4	38	105
4	39	0
4	39	7
4	39	29
4	39	37
4	39	40
4	39	50
4	39	74
4	39	87
4	39	92
4	39	105
4	40	29
4	40	34
4	40	40
4	40	50
4	40	87
4	40	92
4	40	101
4	40	105
4	42	0
4	42	7
4	42	29
4	42	37
4	42	40
4	42	50
4	42	74
4	42	87
4	42	92
4	42	105
4	48	133
4	50	34
4	50	50
4	50	101
4	50	105
4	52	0
4	52	7
4	52	29
4	52	37
4	52	40
4	52	50
4	52	74
4	52	87
4	52	92
4	52	105
4	60	0
4	60	7
4	60	29
4	60	37
4	60	40
4	60	50
4	60	74
4	60	87
4	60	92
4	60	105
4	61	0
4	61	7
4	61	29
4	61	37
4	61	40
4	61	50
4	61	74
4	61	87
4	61	92
4	61	105
4	65	0
4	65	7
4	65	29
4	65	37
4	65	40
4	65	50
4	65	74
4	65	87
4	65	92
4	65	105
4	67	133
4	71	133
4	73	0
4	73	2
4	73	7
4	73	16
4	73	29
4	73	34
4	73	37
4	73	40
4	73	50
4	73	51
4	73	60
4	73	62
4	73	63
4	73	74
4	73	87
4	73	92
4	73	96
4	73	101
4	73	105
4	73	106
4	73	112
4	73	114
4	74	34
4	74	101
4	78	0
4	78	7
4	78	29
4	78	37
4	78	40
4	78	50
4	78	74
4	78	87
4	78	92
4	78	105
4	79	0
4	79	7
4	79	29
4	79	37
4	79	40
4	79	50
4	79	74
4	79	87
4	79	92
4	79	105
4	87	29
4	87	34
4	87	50
4	87	87
4	87	92
4	87	101
4	87	105
4	88	0
4	88	7
4	88	29
4	88	37
4	88	40
4	88	50
4	88	74
4	88	87
4	88	92
4	88	105
4	92	29
4	92	34
4	92	50
4	92	92
4	92	101
4	92	105
4	93	133
4	97	0
4	97	7
4	97	29
4	97	37
4	97	40
4	97	50
4	97	74
4	97	87
4	97	92
4	97	105
4	101	101
4	105	34
4	105	101
4	105	105
4	112	0
4	112	7
4	112	29
4	112	37
4	112	40
4	112	50
4	112	74
4	112	87
4	112	92
4	112	105
4	117	133
4	120	0
4	120	7
4	120	29
4	120	37
4	120	40
4	120	50
4	120	74
4	120	87
4	120	92
4	120	105
4	124	0
4	124	7
4	124	29
4	124	37
4	124	40
4	124	50
4	124	74
4	124	87
4	124	92
4	124	105
4	125	2
4	125	16
4	125	34
4	125	51
4	125	60
4	125	62
4	125	63
4	125	96
4	125	101
4	125	106
4	125	112
4	125	114
4	130	0
4	130	7
4	130	29
4	130	37
4	130	40
4	130	50
4	130	74
4	130	87
4	130	92
4	130	105
4	134	133
5	20	20
6	58	59
6	58	89
6	66	39
6	66	42
6	66	61
6	66	65
6	66	78
6	66	88
6	66	97
6	66	120
6	66	130
6	103	39
6	103	42
6	103	61
6	103	65
6	103	78
6	103	88
6	103	97
6	103	120
6	103	130
6	113	39
6	113	42
6	113	61
6	113	65
6	113	78
6	113	88
6	113	97
6	113	120
6	113	130
6	123	39
6	123	42
6	123	61
6	123	65
6	123	78
6	123	88
6	123	97
6	123	120
6	123	130
7	4	0
7	4	7
7	4	29
7	4	37
7	4	40
7	4	50
7	4	74
7	4	87
7	4	92
7	4	105
7	10	0
7	10	7
7	10	29
7	10	37
7	10	40
7	10	50
7	10	74
7	10	87
7	10	92
7	10	105
7	12	29
7	12	40
7	12	50
7	12	87
7	12	92
7	12	105
7	15	0
7	15	7
7	15	29
7	15	37
7	15	40
7	15	50
7	15	74
7	15	87
7	15	92
7	15	105
7	17	0
7	17	7
7	17	29
7	17	37
7	17	40
7	17	50
7	17	74
7	17	87
7	17	92
7	17	105
7	22	0
7	22	7
7	22	29
7	22	37
7	22	40
7	22	50
7	22	74
7	22	87
7	22	92
7	22	105
7	24	0
7	24	7
7	24	29
7	24	37
7	24	40
7	24	50
7	24	74
7	24	87
7	24	92
7	24	105
7	30	0
7	30	7
7	30	29
7	30	37
7	30	40
7	30	50
7	30	74
7	30	87
7	30	92
7	30	105
7	31	0
7	31	7
7	31	29
7	31	37
7	31	40
7	31	50
7	31	74
7	31	87
7	31	92
7	31	105
7	32	0
7	32	7
7	32	29
7	32	37
7	32	40
7	32	50
7	32	74
7	32	87
7	32	92
7	32	105
7	35	0
7	35	7
7	35	29
7	35	37
7	35	40
7	35	50
7	35	74
7	35	87
7	35	92
7	35	105
7	41	0
7	41	7
7	41	29
7	41	37
7	41	40
7	41	50
7	41	74
7	41	87
7	41	92
7	41	105
7	43	0
7	43	7
7	43	29
7	43	37
7	43	40
7	43	50
7	43	74
7	43	87
7	43	92
7	43	105
7	44	0
7	44	7
7	44	29
7	44	37
7	44	40
7	44	50
7	44	74
7	44	87
7	44	92
7	44	105
7	48	0
7	48	7
7	48	29
7	48	37
7	48	40
7	48	50
7	48	74
7	48	87
7	48	92
7	48	105
7	54	0
7	54	7
7	54	29
7	54	37
7	54	40
7	54	50
7	54	74
7	54	87
7	54	92
7	54	105
7	57	29
7	57	40
7	57	50
7	57	87
7	57	92
7	57	105
7	64	0
7	64	7
7	64	29
7	64	37
7	64	40
7	64	50
7	64	74
7	64	87
7	64	92
7	64	105
7	67	0
7	67	7
7	67	29
7	67	37
7	67	40
7	67	50
7	67	74
7	67	87
7	67	92
7	67	105
7	71	0
7	71	7
7	71	29
7	71	37
7	71	40
7	71	50
7	71	74
7	71	87
7	71	92
7	71	105
7	72	0
7	72	7
7	72	29
7	72	37
7	72	40
7	72	50
7	72	74
7	72	87
7	72	92
7	72	105
7	75	0
7	75	7
7	75	29
7	75	37
7	75	40
7	75	50
7	75	74
7	75	87
7	75	92
7	75	105
7	77	29
7	77	40
7	77	50
7	77	87
7	77	92
7	77	105
7	81	0
7	81	7
7	81	29
7	81	37
7	81	40
7	81	50
7	81	74
7	81	87
7	81	92
7	81	105
7	84	0
7	84	7
7	84	29
7	84	37
7	84	40
7	84	50
7	84	74
7	84	87
7	84	92
7	84	105
7	85	0
7	85	7
7	85	29
7	85	37
7	85	40
7	85	50
7	85	74
7	85	87
7	85	92
7	85	105
7	93	0
7	93	7
7	93	29
7	93	37
7	93	40
7	93	50
7	93	74
7	93	87
7	93	92
7	93	105
7	94	0
7	94	7
7	94	29
7	94	37
7	94	40
7	94	50
7	94	74
7	94	87
7	94	92
7	94	105
7	99	0
7	99	7
7	99	29
7	99	37
7	99	40
7	99	50
7	99	74
7	99	87
7	99	92
7	99	105
7	104	0
7	104	7
7	104	29
7	104	37
7	104	40
7	104	50
7	104	74
7	104	87
7	104	92
7	104	105
7	107	0
7	107	7
7	107	29
7	107	37
7	107	40
7	107	50
7	107	74
7	107	87
7	107	92
7	107	105
7	117	0
7	117	7
7	117	29
7	117	37
7	117	40
7	117	50
7	117	74
7	117	87
7	117	92
7	117	105
7	121	0
7	121	7
7	121	29
7	121	37
7	121	40
7	121	50
7	121	74
7	121	87
7	121	92
7	121	105
7	122	29
7	122	40
7	122	50
7	122	87
7	122	92
7	122	105
7	127	0
7	127	7
7	127	29
7	127	37
7	127	40
7	127	50
7	127	74
7	127	87
7	127	92
7	127	105
7	128	0
7	128	7
7	128	29
7	128	37
7	128	40
7	128	50
7	128	74
7	128	87
7	128	92
7	128	105
7	133	29
7	133	40
7	133	50
7	133	87
7	133	92
7	133	105
7	134	0
7	134	7
7	134	29
7	134	37
7	134	40
7	134	50
7	134	74
7	134	87
7	134	92
7	134	105
8	0	0
8	0	7
8	0	74
8	7	7
8	28	28
8	28	59
8	28	89
8	28	110
8	29	0
8	29	7
8	29	29
8	29	37
8	29	50
8	29	74
8	29	105
8	37	0
8	37	7
8	37	37
8	40	0
8	40	7
8	40	29
8	40	37
8	40	40
8	40	50
8	40	74
8	40	87
8	40	92
8	40	105
8	50	0
8	50	7
8	50	37
8	50	50
8	50	74
8	50	105
8	52	52
8	59	59
8	59	110
8	74	74
8	79	52
8	79	79
8	79	124
8	86	28
8	86	59
8	86	86
8	86	89
8	86	98
8	86	110
8	87	0
8	87	7
8	87	29
8	87	37
8	87	50
8	87	74
8	87	87
8	87	92
8	87	105
8	89	59
8	89	89
8	89	110
8	92	0
8	92	7
8	92	29
8	92	37
8	92	50
8	92	74
8	92	92
8	92	105
8	98	28
8	98	59
8	98	89
8	98	98
8	98	110
8	102	28
8	102	59
8	102	86
8	102	89
8	102	98
8	102	102
8	102	110
8	105	0
8	105	7
8	105	37
8	105	74
8	105	105
8	110	110
8	124	52
8	124	124
9	0	0
9	0	7
9	0	37
9	7	0
9	7	7
9	7	37
9	10	0
9	10	7
9	10	14
9	10	28
9	10	29
9	10	37
9	10	40
9	10	50
9	10	59
9	10	74
9	10	86
9	10	87
9	10	89
9	10	92
9	10	98
9	10	102
9	10	105
9	10	110
9	15	0
9	15	7
9	15	14
9	15	28
9	15	29
9	15	37
9	15	40
9	15	50
9	15	59
9	15	74
9	15	86
9	15	87
9	15	89
9	15	92
9	15	98
9	15	102
9	15	105
9	15	110
9	29	0
9	29	7
9	29	29
9	29	37
9	29	40
9	29	50
9	29	74
9	29	87
9	29	92
9	29	105
9	37	0
9	37	7
9	37	37
9	40	0
9	40	7
9	40	29
9	40	37
9	40	40
9	40	50
9	40	74
9	40	87
9	40	92
9	40	105
9	48	0
9	48	7
9	48	14
9	48	28
9	48	29
9	48	37
9	48	40
9	48	50
9	48	59
9	48	74
9	48	86
9	48	87
9	48	89
9	48	92
9	48	98
9	48	102
9	48	105
9	48	110
9	50	0
9	50	7
9	50	29
9	50	37
9	50	40
9	50	50
9	50	74
9	50	87
9	50	92
9	50	105
9	64	0
9	64	7
9	64	14
9	64	28
9	64	29
9	64	37
9	64	40
9	64	50
9	64	59
9	64	74
9	64	86
9	64	87
9	64	89
9	64	92
9	64	98
9	64	102
9	64	105
9	64	110
9	67	0
9	67	7
9	67	14
9	67	28
9	67	29
9	67	37
9	67	40
9	67	50
9	67	59
9	67	74
9	67	86
9	67	87
9	67	89
9	67	92
9	67	98
9	67	102
9	67	105
9	67	110
9	71	0
9	71	7
9	71	14
9	71	28
9	71	29
9	71	37
9	71	40
9	71	50
9	71	59
9	71	74
9	71	86
9	71	87
9	71	89
9	71	92
9	71	98
9	71	102
9	71	105
9	71	110
9	74	0
9	74	7
9	74	29
9	74	37
9	74	40
9	74	50
9	74	87
9	74	92
9	74	105
9	87	0
9	87	7
9	87	29
9	87	37
9	87	40
9	87	50
9	87	74
9	87	87
9	87	92
9	87	105
9	92	0
9	92	7
9	92	29
9	92	37
9	92	40
9	92	50
9	92	74
9	92	87
9	92	92
9	92	105
9	93	0
9	93	7
9	93	14
9	93	28
9	93	29
9	93	37
9	93	40
9	93	50
9	93	59
9	93	74
9	93	86
9	93	87
9	93	89
9	93	92
9	93	98
9	93	102
9	93	105
9	93	110
9	105	0
9	105	7
9	105	29
9	105	37
9	105	40
9	105	50
9	105	74
9	105	87
9	105	92
9	105	105
9	107	0
9	107	7
9	107	14
9	107	28
9	107	29
9	107	37
9	107	40
9	107	50
9	107	59
9	107	74
9	107	86
9	107	87
9	107	89
9	107	92
9	107	98
9	107	102
9	107	105
9	107	110
9	117	0
9	117	7
9	117	14
9	117	28
9	117	29
9	117	37
9	117	40
9	117	50
9	117	59
9	117	74
9	117	86
9	117	87
9	117	89
9	117	92
9	117	98
9	117	102
9	117	105
9	117	110
9	130	14
9	130	28
9	130	29
9	130	40
9	130	50
9	130	59
9	130	86
9	130	87
9	130	89
9	130	92
9	130	98
9	130	102
9	130	105
9	130	110
9	134	0
9	134	7
9	134	14
9	134	28
9	134	29
9	134	37
9	134	40
9	134	50
9	134	59
9	134	74
9	134	86
9	134	87
9	134	89
9	134	92
9	134	98
9	134	102
9	134	105
9	134	110
10	19	19
10	19	23
10	19	55
10	20	23
10	21	23
10	21	55
10	22	23
10	23	23
10	23	55
10	26	23
10	27	23
10	70	13
10	76	39
10	76	76
10	79	79
10	96	96
10	98	129
10	102	129
10	116	130
10	125	125
10	129	28
10	129	98
10	129	102
10	129	129
10	131	23
11	40	50
11	73	70
12	19	19
12	20	20
12	20	21
12	20	22
12	20	131
12	21	131
13	4	4
13	20	20
13	20	22
13	22	4
13	22	22
13	22	24
13	22	43
13	22	81
13	22	94
13	22	99
13	22	104
13	22	127
13	26	26
13	58	58
13	131	131
14	20	22
14	21	20
14	21	22
14	21	131
14	26	22
14	27	22
14	41	35
14	45	22
14	55	22
14	58	22
14	131	22
15	29	29
15	29	40
15	29	50
15	29	87
15	29	92
15	29	105
15	34	34
15	34	101
15	40	29
15	40	40
15	40	50
15	40	87
15	40	92
15	40	105
15	50	29
15	50	40
15	50	50
15	50	87
15	50	92
15	50	105
15	86	86
15	86	102
15	87	29
15	87	40
15	87	50
15	87	87
15	87	92
15	87	105
15	92	29
15	92	40
15	92	50
15	92	87
15	92	92
15	92	105
15	98	98
15	101	34
15	101	101
15	102	86
15	102	102
15	105	29
15	105	40
15	105	50
15	105	87
15	105	92
15	105	105
15	124	124
16	22	131
17	20	20
17	26	26
17	45	20
17	45	26
17	45	45
17	45	131
17	131	20
17	131	131
18	10	29
18	10	40
18	10	50
18	10	87
18	10	92
18	10	105
18	39	0
18	39	7
18	39	29
18	39	37
18	39	40
18	39	50
18	39	74
18	39	87
18	39	92
18	39	105
18	78	0
18	78	7
18	78	29
18	78	37
18	78	40
18	78	50
18	78	74
18	78	87
18	78	92
18	78	105
18	107	29
18	107	40
18	107	50
18	107	87
18	107	92
18	107	105
18	114	29
18	114	40
18	114	50
18	114	87
18	114	92
18	114	105
18	124	0
18	124	7
18	124	29
18	124	37
18	124	40
18	124	50
18	124	74
18	124	87
18	124	92
18	124	105
19	10	20
19	10	26
19	10	27
19	10	28
19	10	45
19	10	55
19	10	58
19	10	59
19	10	86
19	10	89
19	10	98
19	10	102
19	10	110
19	10	131
19	15	20
19	15	26
19	15	27
19	15	28
19	15	45
19	15	55
19	15	58
19	15	59
19	15	86
19	15	89
19	15	98
19	15	102
19	15	110
19	15	131
19	48	20
19	48	26
19	48	27
19	48	28
19	48	45
19	48	55
19	48	58
19	48	59
19	48	86
19	48	89
19	48	98
19	48	102
19	48	110
19	48	131
19	64	20
19	64	26
19	64	27
19	64	28
19	64	45
19	64	55
19	64	58
19	64	59
19	64	86
19	64	89
19	64	98
19	64	102
19	64	110
19	64	131
19	67	20
19	67	26
19	67	27
19	67	28
19	67	45
19	67	55
19	67	58
19	67	59
19	67	86
19	67	89
19	67	98
19	67	102
19	67	110
19	67	131
19	71	20
19	71	26
19	71	27
19	71	28
19	71	45
19	71	55
19	71	58
19	71	59
19	71	86
19	71	89
19	71	98
19	71	102
19	71	110
19	71	131
19	74	20
19	74	26
19	74	27
19	74	28
19	74	45
19	74	55
19	74	58
19	74	59
19	74	86
19	74	89
19	74	98
19	74	102
19	74	110
19	74	131
19	93	20
19	93	26
19	93	27
19	93	28
19	93	45
19	93	55
19	93	58
19	93	59
19	93	86
19	93	89
19	93	98
19	93	102
19	93	110
19	93	131
19	107	20
19	107	26
19	107	27
19	107	28
19	107	45
19	107	55
19	107	58
19	107	59
19	107	86
19	107	89
19	107	98
19	107	102
19	107	110
19	107	131
19	117	20
19	117	26
19	117	27
19	117	28
19	117	45
19	117	55
19	117	58
19	117	59
19	117	86
19	117	89
19	117	98
19	117	102
19	117	110
19	117	131
19	134	20
19	134	26
19	134	27
19	134	28
19	134	45
19	134	55
19	134	58
19	134	59
19	134	86
19	134	89
19	134	98
19	134	102
19	134	110
19	134	131
20	52	14
20	52	28
20	52	29
20	52	34
20	52	40
20	52	50
20	52	59
20	52	86
20	52	87
20	52	89
20	52	92
20	52	98
20	52	101
20	52	102
20	52	105
20	52	110
20	79	14
20	79	28
20	79	29
20	79	34
20	79	40
20	79	50
20	79	59
20	79	86
20	79	87
20	79	89
20	79	92
20	79	98
20	79	101
20	79	102
20	79	105
20	79	110
20	115	1
20	115	13
20	115	38
20	115	39
20	115	42
20	115	61
20	115	65
20	115	73
20	115	78
20	115	82
20	115	88
20	115	97
20	115	120
20	115	125
20	115	130
20	124	14
20	124	28
20	124	29
20	124	34
20	124	40
20	124	50
20	124	59
20	124	86
20	124	87
20	124	89
20	124	92
20	124	98
20	124	101
20	124	102
20	124	105
20	124	110
21	2	13
21	2	73
21	2	125
21	6	13
21	6	73
21	6	125
21	9	13
21	9	73
21	9	125
21	18	13
21	18	73
21	18	125
21	51	13
21	51	73
21	51	125
21	53	13
21	53	73
21	53	125
21	62	13
21	62	73
21	62	125
21	68	13
21	68	73
21	68	125
21	77	13
21	77	73
21	77	125
21	83	13
21	83	73
21	83	125
21	106	13
21	106	73
21	106	125
21	112	13
21	112	73
21	112	125
21	114	13
21	114	73
21	114	125
21	119	13
21	119	73
21	119	125
21	132	13
21	132	73
21	132	125
22	71	12
22	71	29
22	71	40
22	71	50
22	71	87
22	71	92
22	71	105
22	71	122
22	71	133
22	79	0
22	79	7
22	79	14
22	79	28
22	79	29
22	79	37
22	79	40
22	79	50
22	79	59
22	79	74
22	79	86
22	79	87
22	79	89
22	79	92
22	79	98
22	79	102
22	79	105
22	79	110
23	4	35
23	10	35
23	15	35
23	17	35
23	22	35
23	24	35
23	30	35
23	31	35
23	32	35
23	43	35
23	44	35
23	48	35
23	54	35
23	64	35
23	67	35
23	71	35
23	72	35
23	75	35
23	81	35
23	93	35
23	94	35
23	99	35
23	104	35
23	107	35
23	117	35
23	127	35
23	128	35
23	134	35
24	2	2
24	2	62
24	2	106
24	3	3
24	3	6
24	3	9
24	3	11
24	3	12
24	3	18
24	3	53
24	3	57
24	3	68
24	3	77
24	3	83
24	3	100
24	3	119
24	3	122
24	3	132
24	3	133
24	4	4
24	4	10
24	4	15
24	4	17
24	4	24
24	4	30
24	4	31
24	4	43
24	4	44
24	4	48
24	4	64
24	4	67
24	4	71
24	4	72
24	4	75
24	4	81
24	4	93
24	4	107
24	4	117
24	4	127
24	4	134
24	6	6
24	6	11
24	6	18
24	6	53
24	6	68
24	6	83
24	6	100
24	6	119
24	9	6
24	9	9
24	9	11
24	9	18
24	9	53
24	9	68
24	9	77
24	9	83
24	9	100
24	9	119
24	9	132
24	10	10
24	10	15
24	10	17
24	10	30
24	10	48
24	10	64
24	10	67
24	10	71
24	10	72
24	10	93
24	10	117
24	10	134
24	11	11
24	11	100
24	12	6
24	12	9
24	12	11
24	12	12
24	12	18
24	12	53
24	12	68
24	12	77
24	12	83
24	12	100
24	12	119
24	12	132
24	15	15
24	15	30
24	15	48
24	15	64
24	15	67
24	15	71
24	15	72
24	15	93
24	15	117
24	15	134
24	17	15
24	17	17
24	17	30
24	17	48
24	17	64
24	17	67
24	17	71
24	17	72
24	17	93
24	17	117
24	17	134
24	18	11
24	18	18
24	18	53
24	18	68
24	18	83
24	18	100
24	18	119
24	24	10
24	24	15
24	24	17
24	24	24
24	24	30
24	24	31
24	24	43
24	24	44
24	24	48
24	24	64
24	24	67
24	24	71
24	24	72
24	24	75
24	24	81
24	24	93
24	24	107
24	24	117
24	24	127
24	24	134
24	30	30
24	31	10
24	31	15
24	31	17
24	31	30
24	31	31
24	31	48
24	31	64
24	31	67
24	31	71
24	31	72
24	31	93
24	31	107
24	31	117
24	31	134
24	32	4
24	32	10
24	32	15
24	32	17
24	32	24
24	32	30
24	32	31
24	32	32
24	32	43
24	32	44
24	32	48
24	32	64
24	32	67
24	32	71
24	32	72
24	32	75
24	32	81
24	32	93
24	32	94
24	32	99
24	32	104
24	32	107
24	32	117
24	32	127
24	32	134
24	43	10
24	43	15
24	43	17
24	43	30
24	43	31
24	43	43
24	43	44
24	43	48
24	43	64
24	43	67
24	43	71
24	43	72
24	43	75
24	43	93
24	43	107
24	43	117
24	43	134
24	44	10
24	44	15
24	44	17
24	44	30
24	44	31
24	44	44
24	44	48
24	44	64
24	44	67
24	44	71
24	44	72
24	44	75
24	44	93
24	44	107
24	44	117
24	44	134
24	48	30
24	48	48
24	48	64
24	48	71
24	48	72
24	48	117
24	48	134
24	51	2
24	51	51
24	51	62
24	51	106
24	53	11
24	53	53
24	53	68
24	53	83
24	53	100
24	53	119
24	57	6
24	57	9
24	57	11
24	57	12
24	57	18
24	57	53
24	57	57
24	57	68
24	57	77
24	57	83
24	57	100
24	57	119
24	57	122
24	57	132
24	57	133
24	62	62
24	64	30
24	64	64
24	67	30
24	67	48
24	67	64
24	67	67
24	67	71
24	67	72
24	67	117
24	67	134
24	68	11
24	68	68
24	68	100
24	71	30
24	71	64
24	71	71
24	71	72
24	71	117
24	72	30
24	72	64
24	72	72
24	75	10
24	75	15
24	75	17
24	75	30
24	75	31
24	75	48
24	75	64
24	75	67
24	75	71
24	75	72
24	75	75
24	75	93
24	75	107
24	75	117
24	75	134
24	77	6
24	77	11
24	77	18
24	77	53
24	77	68
24	77	77
24	77	83
24	77	100
24	77	119
24	77	132
24	81	10
24	81	15
24	81	17
24	81	30
24	81	31
24	81	43
24	81	44
24	81	48
24	81	64
24	81	67
24	81	71
24	81	72
24	81	75
24	81	81
24	81	93
24	81	107
24	81	117
24	81	127
24	81	134
24	83	11
24	83	68
24	83	83
24	83	100
24	93	30
24	93	48
24	93	64
24	93	67
24	93	71
24	93	72
24	93	93
24	93	117
24	93	134
24	94	4
24	94	10
24	94	15
24	94	17
24	94	24
24	94	30
24	94	31
24	94	43
24	94	44
24	94	48
24	94	64
24	94	67
24	94	71
24	94	72
24	94	75
24	94	81
24	94	93
24	94	94
24	94	104
24	94	107
24	94	117
24	94	127
24	94	134
24	99	4
24	99	10
24	99	15
24	99	17
24	99	24
24	99	30
24	99	31
24	99	43
24	99	44
24	99	48
24	99	64
24	99	67
24	99	71
24	99	72
24	99	75
24	99	81
24	99	93
24	99	94
24	99	99
24	99	104
24	99	107
24	99	117
24	99	127
24	99	134
24	100	100
24	104	4
24	104	10
24	104	15
24	104	17
24	104	24
24	104	30
24	104	31
24	104	43
24	104	44
24	104	48
24	104	64
24	104	67
24	104	71
24	104	72
24	104	75
24	104	81
24	104	93
24	104	104
24	104	107
24	104	117
24	104	127
24	104	134
24	106	62
24	106	106
24	107	10
24	107	15
24	107	17
24	107	30
24	107	48
24	107	64
24	107	67
24	107	71
24	107	72
24	107	93
24	107	107
24	107	117
24	107	134
24	111	3
24	111	6
24	111	9
24	111	11
24	111	12
24	111	18
24	111	53
24	111	57
24	111	68
24	111	77
24	111	83
24	111	100
24	111	111
24	111	119
24	111	122
24	111	132
24	111	133
24	112	2
24	112	51
24	112	62
24	112	106
24	112	112
24	114	2
24	114	51
24	114	62
24	114	106
24	114	112
24	114	114
24	117	30
24	117	64
24	117	72
24	117	117
24	119	11
24	119	68
24	119	83
24	119	100
24	119	119
24	122	6
24	122	9
24	122	11
24	122	12
24	122	18
24	122	53
24	122	68
24	122	77
24	122	83
24	122	100
24	122	119
24	122	122
24	122	132
24	127	10
24	127	15
24	127	17
24	127	30
24	127	31
24	127	43
24	127	44
24	127	48
24	127	64
24	127	67
24	127	71
24	127	72
24	127	75
24	127	93
24	127	107
24	127	117
24	127	127
24	127	134
24	132	6
24	132	11
24	132	18
24	132	53
24	132	68
24	132	83
24	132	100
24	132	119
24	132	132
24	133	6
24	133	9
24	133	11
24	133	12
24	133	18
24	133	53
24	133	68
24	133	77
24	133	83
24	133	100
24	133	119
24	133	122
24	133	132
24	133	133
24	134	30
24	134	64
24	134	71
24	134	72
24	134	117
24	134	134
25	20	21
25	21	26
25	45	45
26	0	7
26	0	8
26	0	46
26	0	109
26	1	49
26	2	36
26	2	46
26	2	62
26	3	46
26	3	100
26	3	109
26	3	111
26	4	30
26	4	32
26	4	46
26	4	99
26	4	109
26	4	128
26	5	36
26	5	46
26	5	70
26	5	90
26	5	126
26	6	9
26	6	46
26	6	100
26	6	109
26	6	132
26	7	8
26	7	46
26	7	109
26	8	46
26	8	109
26	9	46
26	9	100
26	9	109
26	10	30
26	10	31
26	10	46
26	10	107
26	10	109
26	10	128
26	11	46
26	11	100
26	11	109
26	12	46
26	12	100
26	12	109
26	13	1
26	13	49
26	14	49
26	14	91
26	14	108
26	15	30
26	15	31
26	15	46
26	15	109
26	15	128
26	16	36
26	16	46
26	16	96
26	17	30
26	17	31
26	17	46
26	17	109
26	17	128
26	18	9
26	18	46
26	18	100
26	18	109
26	18	132
26	19	36
26	19	46
26	19	70
26	19	126
26	20	8
26	20	46
26	20	55
26	20	109
26	21	36
26	21	46
26	21	70
26	21	126
26	22	46
26	22	109
26	22	128
26	23	36
26	23	46
26	23	56
26	23	70
26	24	30
26	24	32
26	24	46
26	24	99
26	24	109
26	24	128
26	25	36
26	25	46
26	25	70
26	25	90
26	25	126
26	26	8
26	26	46
26	26	55
26	26	109
26	27	8
26	27	46
26	27	55
26	27	109
26	28	14
26	28	49
26	28	91
26	28	108
26	28	110
26	29	14
26	29	49
26	29	91
26	29	105
26	29	108
26	30	46
26	30	109
26	30	128
26	31	30
26	31	46
26	31	109
26	31	128
26	32	30
26	32	46
26	32	109
26	32	128
26	33	36
26	33	46
26	33	76
26	34	36
26	34	46
26	34	101
26	35	46
26	35	84
26	35	109
26	36	46
26	37	7
26	37	8
26	37	46
26	37	109
26	38	1
26	38	49
26	39	1
26	39	49
26	39	65
26	39	97
26	40	14
26	40	49
26	40	91
26	40	105
26	40	108
26	41	46
26	41	84
26	41	85
26	41	109
26	42	1
26	42	49
26	42	97
26	43	30
26	43	32
26	43	46
26	43	81
26	43	99
26	43	109
26	43	128
26	44	30
26	44	32
26	44	46
26	44	109
26	44	128
26	45	8
26	45	46
26	45	109
26	47	49
26	47	69
26	47	108
26	48	15
26	48	30
26	48	31
26	48	46
26	48	109
26	48	128
26	50	14
26	50	49
26	50	91
26	50	105
26	50	108
26	51	36
26	51	46
26	51	62
26	52	36
26	52	46
26	53	9
26	53	46
26	53	100
26	53	109
26	53	132
26	54	46
26	54	109
26	54	128
26	55	8
26	55	46
26	55	109
26	56	36
26	56	46
26	56	70
26	57	46
26	57	100
26	57	109
26	58	8
26	58	46
26	58	55
26	58	109
26	59	14
26	59	49
26	59	89
26	59	91
26	59	108
26	59	110
26	60	36
26	60	46
26	60	70
26	60	126
26	61	1
26	61	49
26	61	97
26	62	36
26	62	46
26	63	36
26	63	46
26	64	30
26	64	31
26	64	46
26	64	109
26	64	128
26	65	1
26	65	49
26	65	97
26	66	36
26	66	46
26	66	103
26	67	15
26	67	30
26	67	31
26	67	46
26	67	109
26	67	128
26	68	9
26	68	46
26	68	83
26	68	100
26	68	109
26	68	132
26	69	49
26	69	108
26	70	36
26	70	46
26	71	15
26	71	30
26	71	31
26	71	46
26	71	109
26	71	128
26	72	30
26	72	31
26	72	46
26	72	109
26	72	128
26	73	1
26	73	13
26	73	49
26	74	49
26	74	108
26	75	30
26	75	32
26	75	46
26	75	109
26	75	128
26	76	36
26	76	46
26	77	9
26	77	46
26	77	100
26	77	109
26	78	1
26	78	49
26	78	65
26	78	97
26	79	36
26	79	46
26	79	52
26	80	36
26	80	46
26	81	30
26	81	32
26	81	46
26	81	99
26	81	109
26	81	128
26	82	1
26	82	49
26	83	9
26	83	46
26	83	100
26	83	109
26	83	132
26	84	46
26	84	109
26	85	46
26	85	84
26	85	109
26	86	14
26	86	49
26	86	91
26	86	102
26	86	108
26	86	110
26	87	14
26	87	40
26	87	49
26	87	91
26	87	105
26	87	108
26	88	1
26	88	49
26	88	97
26	88	120
26	89	14
26	89	49
26	89	91
26	89	108
26	89	110
26	90	36
26	90	46
26	90	70
26	90	126
26	91	49
26	91	108
26	92	14
26	92	40
26	92	49
26	92	91
26	92	105
26	92	108
26	93	15
26	93	30
26	93	31
26	93	46
26	93	109
26	93	128
26	94	30
26	94	32
26	94	46
26	94	99
26	94	109
26	94	128
26	95	36
26	95	46
26	95	70
26	95	90
26	95	126
26	96	36
26	96	46
26	97	1
26	97	49
26	98	14
26	98	49
26	98	91
26	98	108
26	98	110
26	99	30
26	99	32
26	99	46
26	99	109
26	99	128
26	100	46
26	100	109
26	101	36
26	101	46
26	102	14
26	102	49
26	102	91
26	102	108
26	102	110
26	103	36
26	103	46
26	104	30
26	104	32
26	104	46
26	104	99
26	104	109
26	104	128
26	105	14
26	105	49
26	105	91
26	105	108
26	106	36
26	106	46
26	106	62
26	107	30
26	107	31
26	107	46
26	107	109
26	107	128
26	108	49
26	109	46
26	110	14
26	110	49
26	110	91
26	110	108
26	111	46
26	111	100
26	111	109
26	112	36
26	112	46
26	112	62
26	113	36
26	113	46
26	113	103
26	114	36
26	114	46
26	114	62
26	115	36
26	115	46
26	115	70
26	116	36
26	116	46
26	116	70
26	117	15
26	117	30
26	117	31
26	117	46
26	117	109
26	117	128
26	118	36
26	118	46
26	118	76
26	119	9
26	119	46
26	119	100
26	119	109
26	119	132
26	120	1
26	120	49
26	120	97
26	121	46
26	121	84
26	121	109
26	122	46
26	122	100
26	122	109
26	123	36
26	123	46
26	123	103
26	124	36
26	124	46
26	124	52
26	125	1
26	125	13
26	125	49
26	126	36
26	126	46
26	126	70
26	127	30
26	127	32
26	127	46
26	127	81
26	127	99
26	127	109
26	127	128
26	128	46
26	128	109
26	129	36
26	129	46
26	129	70
26	130	1
26	130	49
26	130	65
26	130	97
26	131	8
26	131	46
26	131	55
26	131	109
26	132	9
26	132	46
26	132	100
26	132	109
26	133	46
26	133	100
26	133	109
26	134	15
26	134	30
26	134	31
26	134	46
26	134	109
26	134	128
27	0	16
27	0	96
27	1	16
27	1	96
27	2	16
27	2	96
27	3	16
27	3	96
27	4	16
27	4	96
27	5	16
27	5	96
27	6	16
27	6	96
27	7	16
27	7	96
27	8	16
27	8	96
27	9	16
27	9	96
27	10	16
27	10	96
27	11	16
27	11	96
27	12	16
27	12	96
27	13	16
27	13	96
27	14	16
27	14	96
27	15	16
27	15	96
27	16	16
27	16	96
27	17	16
27	17	96
27	18	16
27	18	96
27	19	16
27	19	96
27	20	16
27	20	96
27	21	16
27	21	96
27	22	16
27	22	96
27	23	16
27	23	96
27	24	16
27	24	96
27	25	16
27	25	96
27	26	16
27	26	96
27	27	16
27	27	96
27	28	16
27	28	96
27	29	16
27	29	96
27	30	16
27	30	96
27	31	16
27	31	96
27	32	16
27	32	96
27	33	16
27	33	96
27	34	16
27	34	96
27	35	16
27	35	96
27	36	16
27	36	96
27	37	16
27	37	96
27	38	16
27	38	96
27	39	16
27	39	96
27	40	16
27	40	96
27	41	16
27	41	96
27	42	16
27	42	96
27	43	16
27	43	96
27	44	16
27	44	96
27	45	16
27	45	96
27	46	16
27	46	96
27	47	16
27	47	96
27	48	16
27	48	96
27	49	16
27	49	96
27	50	16
27	50	96
27	51	16
27	51	96
27	52	16
27	52	96
27	53	16
27	53	96
27	54	16
27	54	96
27	55	16
27	55	96
27	56	16
27	56	96
27	57	16
27	57	96
27	58	16
27	58	96
27	59	16
27	59	96
27	60	16
27	60	96
27	61	16
27	61	96
27	62	16
27	62	96
27	63	16
27	63	96
27	64	16
27	64	96
27	65	16
27	65	96
27	66	16
27	66	96
27	67	16
27	67	96
27	68	16
27	68	96
27	69	16
27	69	96
27	70	16
27	70	96
27	71	16
27	71	96
27	72	16
27	72	96
27	73	16
27	73	96
27	74	16
27	74	96
27	75	16
27	75	96
27	76	16
27	76	96
27	77	16
27	77	96
27	78	16
27	78	96
27	79	16
27	79	96
27	80	16
27	80	96
27	81	16
27	81	96
27	82	16
27	82	96
27	83	16
27	83	96
27	84	16
27	84	96
27	85	16
27	85	96
27	86	16
27	86	96
27	87	16
27	87	96
27	88	16
27	88	96
27	89	16
27	89	96
27	90	16
27	90	96
27	91	16
27	91	96
27	92	16
27	92	96
27	93	16
27	93	96
27	94	16
27	94	96
27	95	16
27	95	96
27	96	16
27	96	96
27	97	16
27	97	96
27	98	16
27	98	96
27	99	16
27	99	96
27	100	16
27	100	96
27	101	16
27	101	96
27	102	16
27	102	96
27	103	16
27	103	96
27	104	16
27	104	96
27	105	16
27	105	96
27	106	16
27	106	96
27	107	16
27	107	96
27	108	16
27	108	96
27	109	16
27	109	96
27	110	16
27	110	96
27	111	16
27	111	96
27	112	16
27	112	96
27	113	16
27	113	96
27	114	16
27	114	96
27	115	16
27	115	96
27	116	16
27	116	96
27	117	16
27	117	96
27	118	16
27	118	96
27	119	16
27	119	96
27	120	16
27	120	96
27	121	16
27	121	96
27	122	16
27	122	96
27	123	16
27	123	96
27	124	16
27	124	96
27	125	16
27	125	96
27	126	16
27	126	96
27	127	16
27	127	96
27	128	16
27	128	96
27	129	16
27	129	96
27	130	16
27	130	96
27	131	16
27	131	96
27	132	16
27	132	96
27	133	16
27	133	96
27	134	16
27	134	96
28	0	12
28	0	29
28	0	40
28	0	50
28	0	57
28	0	87
28	0	92
28	0	105
28	0	122
28	0	133
28	3	15
28	3	48
28	3	67
28	3	71
28	3	93
28	3	117
28	3	134
28	7	12
28	7	29
28	7	40
28	7	50
28	7	57
28	7	87
28	7	92
28	7	105
28	7	122
28	7	133
28	8	12
28	8	57
28	8	122
28	8	133
28	12	15
28	12	48
28	12	67
28	12	71
28	12	93
28	12	117
28	12	134
28	19	0
28	19	7
28	19	14
28	19	19
28	19	20
28	19	28
28	19	29
28	19	37
28	19	39
28	19	40
28	19	50
28	19	59
28	19	74
28	19	86
28	19	87
28	19	89
28	19	92
28	19	98
28	19	102
28	19	105
28	19	110
28	19	130
28	19	131
28	20	0
28	20	7
28	20	12
28	20	14
28	20	19
28	20	21
28	20	28
28	20	29
28	20	37
28	20	39
28	20	40
28	20	50
28	20	57
28	20	59
28	20	74
28	20	86
28	20	87
28	20	89
28	20	92
28	20	98
28	20	102
28	20	105
28	20	110
28	20	122
28	20	130
28	20	133
28	21	0
28	21	7
28	21	14
28	21	21
28	21	22
28	21	27
28	21	28
28	21	29
28	21	37
28	21	39
28	21	40
28	21	50
28	21	59
28	21	74
28	21	86
28	21	87
28	21	89
28	21	92
28	21	98
28	21	102
28	21	105
28	21	110
28	21	130
28	26	0
28	26	7
28	26	12
28	26	14
28	26	21
28	26	28
28	26	29
28	26	37
28	26	39
28	26	40
28	26	50
28	26	57
28	26	59
28	26	74
28	26	86
28	26	87
28	26	89
28	26	92
28	26	98
28	26	102
28	26	105
28	26	110
28	26	122
28	26	130
28	26	133
28	27	0
28	27	7
28	27	12
28	27	14
28	27	21
28	27	28
28	27	29
28	27	37
28	27	39
28	27	40
28	27	50
28	27	57
28	27	59
28	27	74
28	27	86
28	27	87
28	27	89
28	27	92
28	27	98
28	27	102
28	27	105
28	27	110
28	27	122
28	27	130
28	27	133
28	37	12
28	37	29
28	37	40
28	37	50
28	37	57
28	37	87
28	37	92
28	37	105
28	37	122
28	37	133
28	45	12
28	45	14
28	45	28
28	45	29
28	45	40
28	45	50
28	45	57
28	45	59
28	45	86
28	45	87
28	45	89
28	45	92
28	45	98
28	45	102
28	45	105
28	45	110
28	45	122
28	45	133
28	55	0
28	55	7
28	55	12
28	55	14
28	55	28
28	55	29
28	55	37
28	55	40
28	55	50
28	55	57
28	55	59
28	55	74
28	55	86
28	55	87
28	55	89
28	55	92
28	55	98
28	55	102
28	55	105
28	55	110
28	55	122
28	55	133
28	57	15
28	57	48
28	57	67
28	57	71
28	57	93
28	57	117
28	57	134
28	58	0
28	58	7
28	58	12
28	58	14
28	58	28
28	58	29
28	58	37
28	58	40
28	58	50
28	58	57
28	58	59
28	58	74
28	58	86
28	58	87
28	58	89
28	58	92
28	58	98
28	58	102
28	58	105
28	58	110
28	58	122
28	58	133
28	66	39
28	66	42
28	66	61
28	66	65
28	66	78
28	66	88
28	66	97
28	66	120
28	66	130
28	103	39
28	103	42
28	103	61
28	103	65
28	103	78
28	103	88
28	103	97
28	103	120
28	103	130
28	111	15
28	111	48
28	111	67
28	111	71
28	111	93
28	111	117
28	111	134
28	113	39
28	113	42
28	113	61
28	113	65
28	113	78
28	113	88
28	113	97
28	113	120
28	113	130
28	122	15
28	122	48
28	122	67
28	122	71
28	122	93
28	122	117
28	122	134
28	123	39
28	123	42
28	123	61
28	123	65
28	123	78
28	123	88
28	123	97
28	123	120
28	123	130
28	131	0
28	131	7
28	131	12
28	131	14
28	131	21
28	131	28
28	131	29
28	131	37
28	131	39
28	131	40
28	131	50
28	131	57
28	131	59
28	131	74
28	131	86
28	131	87
28	131	89
28	131	92
28	131	98
28	131	102
28	131	105
28	131	110
28	131	122
28	131	130
28	131	133
28	133	15
28	133	48
28	133	67
28	133	71
28	133	93
28	133	117
28	133	134
29	66	106
29	114	66
29	114	103
29	114	113
29	114	123
29	123	106
30	0	14
30	0	28
30	0	29
30	0	40
30	0	50
30	0	59
30	0	86
30	0	87
30	0	89
30	0	92
30	0	98
30	0	102
30	0	105
30	0	110
30	7	14
30	7	28
30	7	29
30	7	40
30	7	50
30	7	59
30	7	86
30	7	87
30	7	89
30	7	92
30	7	98
30	7	102
30	7	105
30	7	110
30	13	86
30	13	87
30	29	28
30	29	29
30	29	40
30	29	50
30	29	59
30	29	74
30	29	86
30	29	87
30	29	89
30	29	92
30	29	98
30	29	102
30	29	105
30	29	110
30	34	28
30	34	59
30	34	86
30	34	89
30	34	98
30	34	102
30	34	110
30	37	14
30	37	28
30	37	29
30	37	40
30	37	50
30	37	59
30	37	86
30	37	87
30	37	89
30	37	92
30	37	98
30	37	102
30	37	105
30	37	110
30	40	28
30	40	29
30	40	40
30	40	50
30	40	59
30	40	74
30	40	86
30	40	87
30	40	89
30	40	92
30	40	98
30	40	102
30	40	105
30	40	110
30	50	28
30	50	29
30	50	40
30	50	50
30	50	59
30	50	74
30	50	86
30	50	87
30	50	89
30	50	92
30	50	98
30	50	102
30	50	105
30	50	110
30	52	0
30	52	7
30	52	14
30	52	28
30	52	29
30	52	37
30	52	40
30	52	50
30	52	59
30	52	74
30	52	86
30	52	87
30	52	89
30	52	92
30	52	98
30	52	102
30	52	105
30	52	110
30	73	86
30	73	87
30	79	0
30	79	7
30	79	14
30	79	28
30	79	29
30	79	37
30	79	40
30	79	50
30	79	59
30	79	74
30	79	86
30	79	87
30	79	89
30	79	92
30	79	98
30	79	102
30	79	105
30	79	110
30	87	28
30	87	29
30	87	40
30	87	50
30	87	59
30	87	74
30	87	86
30	87	87
30	87	89
30	87	92
30	87	98
30	87	102
30	87	105
30	87	110
30	92	28
30	92	29
30	92	40
30	92	50
30	92	59
30	92	74
30	92	86
30	92	87
30	92	89
30	92	92
30	92	98
30	92	102
30	92	105
30	92	110
30	101	28
30	101	59
30	101	86
30	101	89
30	101	98
30	101	102
30	101	110
30	105	28
30	105	29
30	105	40
30	105	50
30	105	59
30	105	74
30	105	86
30	105	87
30	105	89
30	105	92
30	105	98
30	105	102
30	105	105
30	105	110
30	124	0
30	124	7
30	124	14
30	124	28
30	124	29
30	124	37
30	124	40
30	124	50
30	124	59
30	124	74
30	124	86
30	124	87
30	124	89
30	124	92
30	124	98
30	124	102
30	124	105
30	124	110
30	125	86
30	125	87
31	34	28
31	34	59
31	34	86
31	34	89
31	34	98
31	34	102
31	34	110
31	79	4
31	79	10
31	79	15
31	79	17
31	79	22
31	79	24
31	79	28
31	79	30
31	79	31
31	79	32
31	79	43
31	79	44
31	79	48
31	79	54
31	79	59
31	79	64
31	79	67
31	79	71
31	79	72
31	79	75
31	79	81
31	79	86
31	79	89
31	79	93
31	79	94
31	79	98
31	79	99
31	79	102
31	79	104
31	79	107
31	79	110
31	79	117
31	79	127
31	79	128
31	79	134
31	101	28
31	101	59
31	101	86
31	101	89
31	101	98
31	101	102
31	101	110
31	116	5
31	116	19
31	116	21
31	116	25
31	116	28
31	116	59
31	116	60
31	116	86
31	116	89
31	116	90
31	116	95
31	116	98
31	116	102
31	116	110
31	116	126
32	39	4
32	39	10
32	39	14
32	39	15
32	39	17
32	39	22
32	39	24
32	39	28
32	39	29
32	39	30
32	39	31
32	39	32
32	39	34
32	39	40
32	39	43
32	39	44
32	39	48
32	39	50
32	39	59
32	39	64
32	39	67
32	39	71
32	39	72
32	39	75
32	39	81
32	39	86
32	39	87
32	39	89
32	39	91
32	39	92
32	39	93
32	39	94
32	39	98
32	39	99
32	39	101
32	39	102
32	39	104
32	39	105
32	39	107
32	39	110
32	39	116
32	39	117
32	39	127
32	39	129
32	39	134
32	78	4
32	78	10
32	78	14
32	78	15
32	78	17
32	78	22
32	78	24
32	78	28
32	78	29
32	78	30
32	78	31
32	78	32
32	78	34
32	78	40
32	78	43
32	78	44
32	78	48
32	78	50
32	78	59
32	78	64
32	78	67
32	78	71
32	78	72
32	78	75
32	78	81
32	78	86
32	78	87
32	78	89
32	78	91
32	78	92
32	78	93
32	78	94
32	78	98
32	78	99
32	78	101
32	78	102
32	78	104
32	78	105
32	78	107
32	78	110
32	78	116
32	78	117
32	78	127
32	78	129
32	78	134
32	88	4
32	88	10
32	88	14
32	88	15
32	88	17
32	88	22
32	88	24
32	88	28
32	88	29
32	88	30
32	88	31
32	88	32
32	88	34
32	88	40
32	88	43
32	88	44
32	88	48
32	88	50
32	88	59
32	88	64
32	88	67
32	88	71
32	88	72
32	88	75
32	88	81
32	88	86
32	88	87
32	88	89
32	88	91
32	88	92
32	88	93
32	88	94
32	88	98
32	88	99
32	88	101
32	88	102
32	88	104
32	88	105
32	88	107
32	88	110
32	88	116
32	88	117
32	88	127
32	88	129
32	88	134
32	120	4
32	120	10
32	120	14
32	120	15
32	120	17
32	120	22
32	120	24
32	120	28
32	120	29
32	120	30
32	120	31
32	120	32
32	120	34
32	120	40
32	120	43
32	120	44
32	120	48
32	120	50
32	120	59
32	120	64
32	120	67
32	120	71
32	120	72
32	120	75
32	120	81
32	120	86
32	120	87
32	120	89
32	120	91
32	120	92
32	120	93
32	120	94
32	120	98
32	120	99
32	120	101
32	120	102
32	120	104
32	120	105
32	120	107
32	120	110
32	120	116
32	120	117
32	120	127
32	120	129
32	120	134
33	39	16
33	39	39
33	39	96
33	42	16
33	42	96
33	61	16
33	61	96
33	65	16
33	65	96
33	78	16
33	78	39
33	78	78
33	78	96
33	78	130
33	82	39
33	82	78
33	82	130
33	88	16
33	88	39
33	88	96
33	88	130
33	97	16
33	97	96
33	120	16
33	120	96
33	130	16
33	130	96
33	130	130
34	0	2
34	0	51
34	0	62
34	0	106
34	0	112
34	0	114
34	7	2
34	7	51
34	7	62
34	7	106
34	7	112
34	7	114
34	28	129
34	29	2
34	29	40
34	29	51
34	29	62
34	29	74
34	29	87
34	29	92
34	29	106
34	29	112
34	29	114
34	37	2
34	37	51
34	37	62
34	37	106
34	37	112
34	37	114
34	40	2
34	40	40
34	40	51
34	40	62
34	40	74
34	40	87
34	40	92
34	40	106
34	40	112
34	40	114
34	50	2
34	50	40
34	50	51
34	50	62
34	50	74
34	50	87
34	50	92
34	50	106
34	50	112
34	50	114
34	59	129
34	74	2
34	74	51
34	74	62
34	74	106
34	74	112
34	74	114
34	86	129
34	87	2
34	87	40
34	87	51
34	87	62
34	87	74
34	87	87
34	87	92
34	87	106
34	87	112
34	87	114
34	89	129
34	92	2
34	92	40
34	92	51
34	92	62
34	92	74
34	92	87
34	92	92
34	92	106
34	92	112
34	92	114
34	98	86
34	98	102
34	98	129
34	102	129
34	105	2
34	105	40
34	105	51
34	105	62
34	105	74
34	105	87
34	105	92
34	105	106
34	105	112
34	105	114
34	110	129
35	0	3
35	0	6
35	0	9
35	0	11
35	0	12
35	0	18
35	0	53
35	0	57
35	0	68
35	0	77
35	0	83
35	0	100
35	0	111
35	0	119
35	0	122
35	0	132
35	0	133
35	7	3
35	7	6
35	7	9
35	7	11
35	7	12
35	7	18
35	7	53
35	7	57
35	7	68
35	7	77
35	7	83
35	7	100
35	7	111
35	7	119
35	7	122
35	7	132
35	7	133
35	8	3
35	8	6
35	8	9
35	8	11
35	8	12
35	8	18
35	8	53
35	8	57
35	8	68
35	8	77
35	8	83
35	8	100
35	8	111
35	8	119
35	8	122
35	8	132
35	8	133
35	20	3
35	20	6
35	20	9
35	20	11
35	20	12
35	20	18
35	20	20
35	20	53
35	20	57
35	20	68
35	20	77
35	20	83
35	20	100
35	20	111
35	20	119
35	20	122
35	20	132
35	20	133
35	21	20
35	22	20
35	22	22
35	26	3
35	26	6
35	26	9
35	26	11
35	26	12
35	26	18
35	26	20
35	26	26
35	26	53
35	26	57
35	26	68
35	26	77
35	26	83
35	26	100
35	26	111
35	26	119
35	26	122
35	26	131
35	26	132
35	26	133
35	27	3
35	27	6
35	27	9
35	27	11
35	27	12
35	27	18
35	27	20
35	27	26
35	27	27
35	27	53
35	27	57
35	27	68
35	27	77
35	27	83
35	27	100
35	27	111
35	27	119
35	27	122
35	27	131
35	27	132
35	27	133
35	37	3
35	37	6
35	37	9
35	37	11
35	37	12
35	37	18
35	37	53
35	37	57
35	37	68
35	37	77
35	37	83
35	37	100
35	37	111
35	37	119
35	37	122
35	37	132
35	37	133
35	45	3
35	45	6
35	45	9
35	45	11
35	45	12
35	45	18
35	45	26
35	45	45
35	45	53
35	45	57
35	45	68
35	45	77
35	45	83
35	45	100
35	45	111
35	45	119
35	45	122
35	45	132
35	45	133
35	55	3
35	55	6
35	55	9
35	55	11
35	55	12
35	55	18
35	55	53
35	55	57
35	55	68
35	55	77
35	55	83
35	55	100
35	55	111
35	55	119
35	55	122
35	55	132
35	55	133
35	58	3
35	58	6
35	58	9
35	58	11
35	58	12
35	58	18
35	58	20
35	58	26
35	58	27
35	58	53
35	58	57
35	58	68
35	58	77
35	58	83
35	58	100
35	58	111
35	58	119
35	58	122
35	58	131
35	58	132
35	58	133
35	95	95
35	131	3
35	131	6
35	131	9
35	131	11
35	131	12
35	131	18
35	131	20
35	131	53
35	131	57
35	131	68
35	131	77
35	131	83
35	131	100
35	131	111
35	131	119
35	131	122
35	131	131
35	131	132
35	131	133
36	2	1
36	2	13
36	2	38
36	2	39
36	2	42
36	2	61
36	2	65
36	2	73
36	2	78
36	2	82
36	2	88
36	2	97
36	2	120
36	2	125
36	2	130
36	51	1
36	51	13
36	51	38
36	51	39
36	51	42
36	51	61
36	51	65
36	51	73
36	51	78
36	51	82
36	51	88
36	51	97
36	51	120
36	51	125
36	51	130
36	62	1
36	62	13
36	62	38
36	62	39
36	62	42
36	62	61
36	62	65
36	62	73
36	62	78
36	62	82
36	62	88
36	62	97
36	62	120
36	62	125
36	62	130
36	106	1
36	106	13
36	106	38
36	106	39
36	106	42
36	106	61
36	106	65
36	106	73
36	106	78
36	106	82
36	106	88
36	106	97
36	106	120
36	106	125
36	106	130
36	112	1
36	112	13
36	112	38
36	112	39
36	112	42
36	112	61
36	112	65
36	112	73
36	112	78
36	112	82
36	112	88
36	112	97
36	112	120
36	112	125
36	112	130
36	114	1
36	114	13
36	114	38
36	114	39
36	114	42
36	114	61
36	114	65
36	114	73
36	114	78
36	114	82
36	114	88
36	114	97
36	114	120
36	114	125
36	114	130
37	114	16
37	114	96
38	28	28
38	28	59
38	28	86
38	28	89
38	28	98
38	28	102
38	28	110
38	29	29
38	29	40
38	29	50
38	29	87
38	29	92
38	29	105
38	39	130
38	40	29
38	40	40
38	40	50
38	40	87
38	40	92
38	40	105
38	50	29
38	50	40
38	50	50
38	50	87
38	50	92
38	50	105
38	59	28
38	59	59
38	59	86
38	59	89
38	59	98
38	59	102
38	59	110
38	86	28
38	86	59
38	86	86
38	86	89
38	86	98
38	86	102
38	86	110
38	87	29
38	87	40
38	87	50
38	87	87
38	87	92
38	87	105
38	89	28
38	89	59
38	89	86
38	89	89
38	89	98
38	89	102
38	89	110
38	92	29
38	92	40
38	92	50
38	92	87
38	92	92
38	92	105
38	98	28
38	98	59
38	98	86
38	98	89
38	98	98
38	98	102
38	98	110
38	102	28
38	102	59
38	102	86
38	102	89
38	102	98
38	102	102
38	102	110
38	105	29
38	105	40
38	105	50
38	105	87
38	105	92
38	105	105
38	110	28
38	110	59
38	110	86
38	110	89
38	110	98
38	110	102
38	110	110
39	10	29
39	10	40
39	10	50
39	10	87
39	10	92
39	10	105
39	41	29
39	41	40
39	41	50
39	41	74
39	41	87
39	41	92
39	41	105
39	85	29
39	85	40
39	85	50
39	85	74
39	85	87
39	85	92
39	85	105
39	107	29
39	107	40
39	107	50
39	107	87
39	107	92
39	107	105
39	130	29
39	130	40
39	130	50
39	130	87
39	130	92
39	130	105
40	14	3
40	14	6
40	14	9
40	14	11
40	14	12
40	14	14
40	14	18
40	14	28
40	14	29
40	14	40
40	14	50
40	14	53
40	14	57
40	14	59
40	14	68
40	14	77
40	14	83
40	14	86
40	14	87
40	14	89
40	14	91
40	14	92
40	14	98
40	14	100
40	14	102
40	14	105
40	14	110
40	14	111
40	14	119
40	14	122
40	14	132
40	14	133
40	28	3
40	28	6
40	28	9
40	28	11
40	28	12
40	28	14
40	28	18
40	28	28
40	28	29
40	28	40
40	28	50
40	28	53
40	28	57
40	28	59
40	28	68
40	28	77
40	28	83
40	28	86
40	28	87
40	28	89
40	28	91
40	28	92
40	28	98
40	28	100
40	28	102
40	28	105
40	28	110
40	28	111
40	28	119
40	28	122
40	28	132
40	28	133
40	29	3
40	29	6
40	29	9
40	29	11
40	29	12
40	29	14
40	29	18
40	29	28
40	29	29
40	29	40
40	29	50
40	29	53
40	29	57
40	29	59
40	29	68
40	29	77
40	29	83
40	29	86
40	29	87
40	29	89
40	29	91
40	29	92
40	29	98
40	29	100
40	29	102
40	29	105
40	29	110
40	29	111
40	29	119
40	29	122
40	29	132
40	29	133
40	40	3
40	40	6
40	40	9
40	40	11
40	40	12
40	40	14
40	40	18
40	40	28
40	40	29
40	40	40
40	40	50
40	40	53
40	40	57
40	40	59
40	40	68
40	40	77
40	40	83
40	40	86
40	40	87
40	40	89
40	40	91
40	40	92
40	40	98
40	40	100
40	40	102
40	40	105
40	40	110
40	40	111
40	40	119
40	40	122
40	40	132
40	40	133
40	50	3
40	50	6
40	50	9
40	50	11
40	50	12
40	50	14
40	50	18
40	50	28
40	50	29
40	50	40
40	50	50
40	50	53
40	50	57
40	50	59
40	50	68
40	50	77
40	50	83
40	50	86
40	50	87
40	50	89
40	50	91
40	50	92
40	50	98
40	50	100
40	50	102
40	50	105
40	50	110
40	50	111
40	50	119
40	50	122
40	50	132
40	50	133
40	59	3
40	59	6
40	59	9
40	59	11
40	59	12
40	59	14
40	59	18
40	59	28
40	59	29
40	59	40
40	59	50
40	59	53
40	59	57
40	59	59
40	59	68
40	59	77
40	59	83
40	59	86
40	59	87
40	59	89
40	59	91
40	59	92
40	59	98
40	59	100
40	59	102
40	59	105
40	59	110
40	59	111
40	59	119
40	59	122
40	59	132
40	59	133
40	73	125
40	86	6
40	86	9
40	86	11
40	86	14
40	86	18
40	86	28
40	86	29
40	86	40
40	86	50
40	86	53
40	86	59
40	86	68
40	86	77
40	86	83
40	86	86
40	86	87
40	86	89
40	86	91
40	86	92
40	86	98
40	86	100
40	86	102
40	86	105
40	86	110
40	86	119
40	86	132
40	87	6
40	87	9
40	87	11
40	87	14
40	87	18
40	87	28
40	87	29
40	87	40
40	87	50
40	87	53
40	87	59
40	87	68
40	87	77
40	87	83
40	87	86
40	87	87
40	87	89
40	87	91
40	87	92
40	87	98
40	87	100
40	87	102
40	87	105
40	87	110
40	87	119
40	87	132
40	89	3
40	89	6
40	89	9
40	89	11
40	89	12
40	89	14
40	89	18
40	89	28
40	89	29
40	89	40
40	89	50
40	89	53
40	89	57
40	89	59
40	89	68
40	89	77
40	89	83
40	89	86
40	89	87
40	89	89
40	89	91
40	89	92
40	89	98
40	89	100
40	89	102
40	89	105
40	89	110
40	89	111
40	89	119
40	89	122
40	89	132
40	89	133
40	91	14
40	91	28
40	91	29
40	91	40
40	91	50
40	91	59
40	91	86
40	91	87
40	91	89
40	91	91
40	91	92
40	91	98
40	91	102
40	91	105
40	91	110
40	92	3
40	92	6
40	92	9
40	92	11
40	92	12
40	92	14
40	92	18
40	92	28
40	92	29
40	92	40
40	92	50
40	92	53
40	92	57
40	92	59
40	92	68
40	92	77
40	92	83
40	92	86
40	92	87
40	92	89
40	92	91
40	92	92
40	92	98
40	92	100
40	92	102
40	92	105
40	92	110
40	92	111
40	92	119
40	92	122
40	92	132
40	92	133
40	98	3
40	98	6
40	98	9
40	98	11
40	98	12
40	98	14
40	98	18
40	98	28
40	98	29
40	98	40
40	98	50
40	98	53
40	98	57
40	98	59
40	98	68
40	98	77
40	98	83
40	98	86
40	98	87
40	98	89
40	98	91
40	98	92
40	98	98
40	98	100
40	98	102
40	98	105
40	98	110
40	98	111
40	98	119
40	98	122
40	98	132
40	98	133
40	102	3
40	102	6
40	102	9
40	102	11
40	102	12
40	102	14
40	102	18
40	102	28
40	102	29
40	102	40
40	102	50
40	102	53
40	102	57
40	102	59
40	102	68
40	102	77
40	102	83
40	102	86
40	102	87
40	102	89
40	102	91
40	102	92
40	102	98
40	102	100
40	102	102
40	102	105
40	102	110
40	102	111
40	102	119
40	102	122
40	102	132
40	102	133
40	105	3
40	105	6
40	105	9
40	105	11
40	105	12
40	105	14
40	105	18
40	105	28
40	105	29
40	105	40
40	105	50
40	105	53
40	105	57
40	105	59
40	105	68
40	105	77
40	105	83
40	105	86
40	105	87
40	105	89
40	105	91
40	105	92
40	105	98
40	105	100
40	105	102
40	105	105
40	105	110
40	105	111
40	105	119
40	105	122
40	105	132
40	105	133
40	110	3
40	110	6
40	110	9
40	110	11
40	110	12
40	110	14
40	110	18
40	110	28
40	110	29
40	110	40
40	110	50
40	110	53
40	110	57
40	110	59
40	110	68
40	110	77
40	110	83
40	110	86
40	110	87
40	110	89
40	110	91
40	110	92
40	110	98
40	110	100
40	110	102
40	110	105
40	110	110
40	110	111
40	110	119
40	110	122
40	110	132
40	110	133
41	2	33
41	2	35
41	2	41
41	2	76
41	2	84
41	2	85
41	2	118
41	2	121
41	14	15
41	14	22
41	14	48
41	14	67
41	14	71
41	14	93
41	14	117
41	14	134
41	20	4
41	20	15
41	20	22
41	20	24
41	20	43
41	20	48
41	20	67
41	20	71
41	20	81
41	20	93
41	20	94
41	20	99
41	20	104
41	20	117
41	20	127
41	20	134
41	26	4
41	26	15
41	26	22
41	26	24
41	26	43
41	26	48
41	26	67
41	26	71
41	26	81
41	26	93
41	26	94
41	26	99
41	26	104
41	26	117
41	26	127
41	26	134
41	27	4
41	27	15
41	27	22
41	27	24
41	27	43
41	27	48
41	27	67
41	27	71
41	27	81
41	27	93
41	27	94
41	27	99
41	27	104
41	27	117
41	27	127
41	27	134
41	28	15
41	28	22
41	28	48
41	28	67
41	28	71
41	28	93
41	28	117
41	28	134
41	29	15
41	29	22
41	29	48
41	29	67
41	29	71
41	29	93
41	29	117
41	29	134
41	40	15
41	40	22
41	40	48
41	40	67
41	40	71
41	40	93
41	40	117
41	40	131
41	40	134
41	50	15
41	50	22
41	50	48
41	50	67
41	50	71
41	50	93
41	50	117
41	50	134
41	51	33
41	51	35
41	51	41
41	51	76
41	51	84
41	51	85
41	51	118
41	51	121
41	55	4
41	55	15
41	55	22
41	55	24
41	55	43
41	55	48
41	55	67
41	55	71
41	55	81
41	55	93
41	55	94
41	55	99
41	55	104
41	55	117
41	55	127
41	55	134
41	58	4
41	58	15
41	58	22
41	58	24
41	58	43
41	58	48
41	58	67
41	58	71
41	58	81
41	58	93
41	58	94
41	58	99
41	58	104
41	58	117
41	58	127
41	58	134
41	59	15
41	59	22
41	59	27
41	59	48
41	59	67
41	59	71
41	59	93
41	59	117
41	59	134
41	62	33
41	62	35
41	62	41
41	62	76
41	62	84
41	62	85
41	62	118
41	62	121
41	66	33
41	66	76
41	66	118
41	86	2
41	86	15
41	86	22
41	86	48
41	86	51
41	86	67
41	86	71
41	86	93
41	86	117
41	86	134
41	87	15
41	87	22
41	87	48
41	87	67
41	87	71
41	87	93
41	87	117
41	87	131
41	87	134
41	89	15
41	89	22
41	89	48
41	89	67
41	89	71
41	89	93
41	89	117
41	89	134
41	92	15
41	92	22
41	92	48
41	92	67
41	92	71
41	92	93
41	92	117
41	92	131
41	92	134
41	98	15
41	98	22
41	98	48
41	98	67
41	98	71
41	98	93
41	98	117
41	98	134
41	102	2
41	102	15
41	102	22
41	102	48
41	102	51
41	102	67
41	102	71
41	102	93
41	102	117
41	102	134
41	103	33
41	103	76
41	103	118
41	105	15
41	105	22
41	105	48
41	105	67
41	105	71
41	105	93
41	105	117
41	105	134
41	106	33
41	106	35
41	106	41
41	106	76
41	106	84
41	106	85
41	106	118
41	106	121
41	110	15
41	110	22
41	110	48
41	110	67
41	110	71
41	110	93
41	110	117
41	110	134
41	112	33
41	112	35
41	112	41
41	112	76
41	112	84
41	112	85
41	112	118
41	112	121
41	113	33
41	113	76
41	113	118
41	114	33
41	114	35
41	114	41
41	114	76
41	114	84
41	114	85
41	114	118
41	114	121
41	123	33
41	123	76
41	123	118
41	131	4
41	131	15
41	131	22
41	131	24
41	131	43
41	131	48
41	131	67
41	131	71
41	131	81
41	131	93
41	131	94
41	131	99
41	131	104
41	131	117
41	131	127
41	131	134
42	5	4
42	5	58
42	34	3
42	34	6
42	34	9
42	34	11
42	34	12
42	34	18
42	34	53
42	34	57
42	34	68
42	34	77
42	34	83
42	34	100
42	34	111
42	34	119
42	34	122
42	34	132
42	34	133
42	63	2
42	63	51
42	63	62
42	63	106
42	63	112
42	63	114
42	95	58
42	95	94
42	101	3
42	101	6
42	101	9
42	101	11
42	101	12
42	101	18
42	101	53
42	101	57
42	101	68
42	101	77
42	101	83
42	101	100
42	101	111
42	101	119
42	101	122
42	101	132
42	101	133
43	0	0
43	0	7
43	0	13
43	0	14
43	0	28
43	0	29
43	0	37
43	0	39
43	0	40
43	0	47
43	0	50
43	0	59
43	0	65
43	0	69
43	0	73
43	0	74
43	0	78
43	0	86
43	0	87
43	0	89
43	0	91
43	0	92
43	0	98
43	0	102
43	0	105
43	0	108
43	0	110
43	0	125
43	0	130
43	5	86
43	7	0
43	7	7
43	7	14
43	7	28
43	7	29
43	7	37
43	7	39
43	7	40
43	7	47
43	7	50
43	7	59
43	7	65
43	7	69
43	7	74
43	7	78
43	7	86
43	7	87
43	7	89
43	7	91
43	7	92
43	7	98
43	7	102
43	7	105
43	7	108
43	7	110
43	7	130
43	13	86
43	14	0
43	14	7
43	14	14
43	14	28
43	14	29
43	14	37
43	14	40
43	14	47
43	14	50
43	14	59
43	14	69
43	14	74
43	14	86
43	14	87
43	14	89
43	14	91
43	14	92
43	14	98
43	14	102
43	14	105
43	14	108
43	14	110
43	19	86
43	21	86
43	23	86
43	25	86
43	28	0
43	28	7
43	28	14
43	28	28
43	28	29
43	28	37
43	28	40
43	28	47
43	28	50
43	28	59
43	28	69
43	28	74
43	28	86
43	28	87
43	28	89
43	28	91
43	28	92
43	28	98
43	28	102
43	28	105
43	28	108
43	28	110
43	29	0
43	29	7
43	29	13
43	29	14
43	29	28
43	29	29
43	29	37
43	29	39
43	29	40
43	29	47
43	29	50
43	29	59
43	29	65
43	29	69
43	29	73
43	29	74
43	29	78
43	29	86
43	29	87
43	29	89
43	29	91
43	29	92
43	29	98
43	29	102
43	29	105
43	29	108
43	29	110
43	29	125
43	29	130
43	34	14
43	34	28
43	34	29
43	34	40
43	34	47
43	34	50
43	34	59
43	34	69
43	34	74
43	34	86
43	34	87
43	34	89
43	34	91
43	34	92
43	34	98
43	34	102
43	34	105
43	34	108
43	34	110
43	37	0
43	37	7
43	37	14
43	37	28
43	37	29
43	37	37
43	37	39
43	37	40
43	37	47
43	37	50
43	37	59
43	37	65
43	37	69
43	37	74
43	37	78
43	37	86
43	37	87
43	37	89
43	37	91
43	37	92
43	37	98
43	37	102
43	37	105
43	37	108
43	37	110
43	37	130
43	40	0
43	40	7
43	40	13
43	40	14
43	40	28
43	40	29
43	40	37
43	40	39
43	40	40
43	40	47
43	40	50
43	40	59
43	40	65
43	40	69
43	40	73
43	40	74
43	40	78
43	40	86
43	40	87
43	40	89
43	40	91
43	40	92
43	40	98
43	40	102
43	40	105
43	40	108
43	40	110
43	40	125
43	40	130
43	47	0
43	47	7
43	47	14
43	47	28
43	47	29
43	47	37
43	47	40
43	47	47
43	47	50
43	47	59
43	47	69
43	47	74
43	47	86
43	47	87
43	47	89
43	47	91
43	47	92
43	47	98
43	47	102
43	47	105
43	47	108
43	47	110
43	50	0
43	50	7
43	50	13
43	50	14
43	50	28
43	50	29
43	50	37
43	50	39
43	50	40
43	50	47
43	50	50
43	50	59
43	50	65
43	50	69
43	50	73
43	50	74
43	50	78
43	50	86
43	50	87
43	50	89
43	50	91
43	50	92
43	50	98
43	50	102
43	50	105
43	50	108
43	50	110
43	50	125
43	50	130
43	56	86
43	59	0
43	59	7
43	59	14
43	59	28
43	59	29
43	59	37
43	59	40
43	59	47
43	59	50
43	59	59
43	59	69
43	59	74
43	59	86
43	59	87
43	59	89
43	59	91
43	59	92
43	59	98
43	59	102
43	59	105
43	59	108
43	59	110
43	60	86
43	69	0
43	69	7
43	69	14
43	69	28
43	69	29
43	69	37
43	69	40
43	69	47
43	69	50
43	69	59
43	69	69
43	69	74
43	69	86
43	69	87
43	69	89
43	69	91
43	69	92
43	69	98
43	69	102
43	69	105
43	69	108
43	69	110
43	70	86
43	73	86
43	74	0
43	74	7
43	74	13
43	74	14
43	74	28
43	74	29
43	74	37
43	74	39
43	74	40
43	74	47
43	74	50
43	74	59
43	74	65
43	74	69
43	74	73
43	74	74
43	74	78
43	74	86
43	74	87
43	74	89
43	74	91
43	74	92
43	74	98
43	74	102
43	74	105
43	74	108
43	74	110
43	74	125
43	74	130
43	79	39
43	79	78
43	86	0
43	86	7
43	86	13
43	86	14
43	86	28
43	86	29
43	86	37
43	86	40
43	86	47
43	86	50
43	86	59
43	86	69
43	86	73
43	86	74
43	86	86
43	86	87
43	86	89
43	86	91
43	86	92
43	86	98
43	86	102
43	86	105
43	86	108
43	86	110
43	86	125
43	87	0
43	87	7
43	87	13
43	87	14
43	87	28
43	87	29
43	87	37
43	87	39
43	87	40
43	87	47
43	87	50
43	87	59
43	87	65
43	87	69
43	87	73
43	87	74
43	87	78
43	87	86
43	87	87
43	87	89
43	87	91
43	87	92
43	87	98
43	87	102
43	87	105
43	87	108
43	87	110
43	87	125
43	87	130
43	89	0
43	89	7
43	89	14
43	89	28
43	89	29
43	89	37
43	89	40
43	89	47
43	89	50
43	89	59
43	89	69
43	89	74
43	89	86
43	89	87
43	89	89
43	89	91
43	89	92
43	89	98
43	89	102
43	89	105
43	89	108
43	89	110
43	90	86
43	91	0
43	91	7
43	91	14
43	91	28
43	91	29
43	91	37
43	91	40
43	91	47
43	91	50
43	91	59
43	91	69
43	91	74
43	91	86
43	91	87
43	91	89
43	91	91
43	91	92
43	91	98
43	91	102
43	91	105
43	91	108
43	91	110
43	92	0
43	92	7
43	92	13
43	92	14
43	92	28
43	92	29
43	92	37
43	92	39
43	92	40
43	92	47
43	92	50
43	92	59
43	92	65
43	92	69
43	92	73
43	92	74
43	92	78
43	92	86
43	92	87
43	92	89
43	92	91
43	92	92
43	92	98
43	92	102
43	92	105
43	92	108
43	92	110
43	92	125
43	92	130
43	95	86
43	98	0
43	98	7
43	98	14
43	98	28
43	98	29
43	98	37
43	98	40
43	98	47
43	98	50
43	98	59
43	98	69
43	98	74
43	98	86
43	98	87
43	98	89
43	98	91
43	98	92
43	98	98
43	98	102
43	98	105
43	98	108
43	98	110
43	101	14
43	101	28
43	101	29
43	101	40
43	101	47
43	101	50
43	101	59
43	101	69
43	101	74
43	101	86
43	101	87
43	101	89
43	101	91
43	101	92
43	101	98
43	101	102
43	101	105
43	101	108
43	101	110
43	102	0
43	102	7
43	102	14
43	102	28
43	102	29
43	102	37
43	102	40
43	102	47
43	102	50
43	102	59
43	102	69
43	102	74
43	102	86
43	102	87
43	102	89
43	102	91
43	102	92
43	102	98
43	102	102
43	102	105
43	102	108
43	102	110
43	105	0
43	105	7
43	105	13
43	105	14
43	105	28
43	105	29
43	105	37
43	105	39
43	105	40
43	105	47
43	105	50
43	105	59
43	105	65
43	105	69
43	105	73
43	105	74
43	105	78
43	105	86
43	105	87
43	105	89
43	105	91
43	105	92
43	105	98
43	105	102
43	105	105
43	105	108
43	105	110
43	105	125
43	105	130
43	108	0
43	108	7
43	108	14
43	108	28
43	108	29
43	108	37
43	108	40
43	108	47
43	108	50
43	108	59
43	108	69
43	108	74
43	108	86
43	108	87
43	108	89
43	108	91
43	108	92
43	108	98
43	108	102
43	108	105
43	108	108
43	108	110
43	110	0
43	110	7
43	110	14
43	110	28
43	110	29
43	110	37
43	110	40
43	110	47
43	110	50
43	110	59
43	110	69
43	110	74
43	110	86
43	110	87
43	110	89
43	110	91
43	110	92
43	110	98
43	110	102
43	110	105
43	110	108
43	110	110
43	115	86
43	116	86
43	125	86
43	126	86
43	129	86
44	20	20
44	20	131
44	21	21
44	21	26
44	22	45
44	27	27
44	45	26
44	45	45
44	131	21
44	131	22
44	131	26
44	131	27
44	131	131
45	19	19
45	20	20
46	10	0
46	10	7
46	10	29
46	10	37
46	10	40
46	10	50
46	10	74
46	10	87
46	10	92
46	10	105
46	10	124
46	41	0
46	41	7
46	41	29
46	41	37
46	41	40
46	41	50
46	41	74
46	41	87
46	41	92
46	41	105
46	41	124
46	85	0
46	85	7
46	85	29
46	85	37
46	85	40
46	85	50
46	85	74
46	85	87
46	85	92
46	85	105
46	85	124
46	107	0
46	107	7
46	107	29
46	107	37
46	107	40
46	107	50
46	107	74
46	107	87
46	107	92
46	107	105
46	107	124
46	114	106
46	130	0
46	130	7
46	130	29
46	130	37
46	130	40
46	130	50
46	130	74
46	130	87
46	130	92
46	130	105
46	130	124
47	20	20
48	2	33
48	2	35
48	2	41
48	2	76
48	2	84
48	2	85
48	2	118
48	2	121
48	39	10
48	39	35
48	39	41
48	39	84
48	39	85
48	39	107
48	39	121
48	51	33
48	51	35
48	51	41
48	51	76
48	51	84
48	51	85
48	51	118
48	51	121
48	62	33
48	62	35
48	62	41
48	62	76
48	62	84
48	62	85
48	62	118
48	62	121
48	88	121
48	106	33
48	106	35
48	106	41
48	106	76
48	106	84
48	106	85
48	106	118
48	106	121
48	112	33
48	112	35
48	112	41
48	112	76
48	112	84
48	112	85
48	112	118
48	112	121
48	114	33
48	114	35
48	114	41
48	114	76
48	114	84
48	114	85
48	114	118
48	114	121
48	120	121
48	130	10
48	130	35
48	130	41
48	130	54
48	130	84
48	130	85
48	130	107
48	130	121
